FrameNr 	 Person 1 		 Person 2 		 Person 3 		 Person 4 	
	 x 	 y   	   x 	 y   	   x 	 y   	   x 	 y   
4	794.598	-986.138	-709.801	545.172	-153.218	-515.761	1543.78	292.312
8	796.567	-985.37	-711.343	545.242	-156.968	-511.825	1543.86	292.099
12	798.913	-984.472	-713.557	545.293	-163.128	-510.245	1543.61	292.888
16	798.171	-984.211	-716.41	545.32	-172.155	-507.849	1541.88	292.142
20	796.275	-984.781	-720.032	545.478	-180.342	-507.579	1542.1	291.371
24	795.801	-984.814	-722.663	543.474	-190.693	-506.436	1542.49	293.453
28	796.413	-983.422	-724.018	543.342	-199.878	-508.161	1544.75	292.98
32	795.873	-982.296	-725.004	544.603	-210.542	-510.494	1547.35	294.039
36	794.195	-981.306	-728.514	548.97	-220.141	-507.805	1549.6	295.081
40	795.744	-977.012	-728.681	555.905	-233.825	-506.548	1550.69	296.653
44	800.069	-971.517	-729.321	563.034	-240.823	-503.819	1555.81	297.237
48	808.458	-960.016	-722.043	580.543	-259.016	-506.048	1555.61	302.351
52	820.911	-943.765	-713.066	597.305	-273.736	-507.535	1556.71	308.811
56	841.146	-923.638	-697.119	623.124	-281.339	-508.528	1558.83	315.327
60	853.932	-902.108	-677.934	647.248	-284.25	-505.91	1567.07	321.623
64	865.68	-877.156	-655.614	668.719	-289.157	-506.06	1573.57	330.197
68	872.17	-850.828	-628.983	685.06	-287.069	-501.155	1575.84	334.181
72	860.45	-800.264	-595.155	698.957	-285.197	-502.642	1572.46	340.955
76	842.46	-736.793	-558.099	712.726	-278.416	-502.148	1586.75	342.163
80	824.044	-675.474	-511.482	718.79	-276.767	-504.091	1599.75	341.793
84	808.031	-629.43	-452.557	722.383	-287.385	-503.448	1606.61	343.242
88	806.514	-605.67	-390.416	717.343	-302.597	-502.013	1612.73	337.555
92	804.776	-573.946	-335.489	718.212	-334.472	-479.866	1611.77	328.328
96	830.391	-600.08	-268.106	708.219	-364.08	-455.77	1621.51	307.138
100	875.338	-687.768	-181.805	696.808	-399.186	-436.321	1625.18	280.29
104	939.194	-830.986	-95.473	683.072	-440.684	-437.531	1630.92	256.027
108	972.42	-868.033	2.28459	683.649	-486.294	-416.943	1708.06	217.522
112	995.837	-899.474	33.1355	715.99	-478.152	-356.72	1738.59	192.853
116	1008.41	-916.971	40.6248	754.535	-435.483	-259.842	1760.85	190.162
120	1008.37	-924.666	85.2144	801.045	-373.763	-123.687	1776.75	199.375
124	1003.95	-934.578	126.332	829.189	-353.779	-55.2821	1800.07	208.667
128	983.781	-935.139	168.554	844.058	-350.145	-13.931	1818.23	230.421
132	941.087	-937.076	235.042	843.798	-358.205	28.2929	1835.2	253.75
136	886.251	-941.452	284.579	830.669	-398.879	47.6686	1850.83	278.618
140	818.552	-947.017	321.689	827.173	-444.156	68.0014	1857.38	298.721
144	740.063	-950.836	350.385	837.152	-483.262	90.5462	1858.79	302.424
148	679.443	-937.198	372.494	857.08	-501.311	112.982	1860.85	296.642
152	621.891	-910.386	401.967	882.755	-509.296	134.434	1858.49	285.571
156	603.746	-851.796	434.644	915.569	-504.696	172.622	1837.51	279.727
160	604.907	-762.796	477.678	949.383	-511.177	198.023	1810.55	252.842
164	643.317	-643.13	519.433	1000.06	-530.813	196.923	1772.12	231.34
168	508.264	-1542	1605.02	262.022	662.747	-789.097	-732.574	811.735
172	672.165	-1441.12	1631.14	199.454	558.391	-132.878	-753.099	834.278
176	521.306	-1515.77	1659.76	136.698	182.606	211.36	921.268	-1295.3
180	458.737	-1541.98	1683.97	81.5805	341.036	127.962	890.542	-1277.63
184	430.084	-1532.77	1703.76	31.3514	467.303	16.9916	904.129	-1249.33
188	324.932	-1491.79	1710.81	-5.31685	528.865	-27.0158	864.254	-1204.01
192	250.146	-1365.1	1716.47	-37.0538	539.768	69.8764	995.757	-229.583
196	69.4414	-1283.1	1665.29	-95.3088	700.659	117.574	718.422	-1401.69
200	2.39476	-1338.7	1688.38	-129.863	869.242	142.701	-226.138	-268.132
204	-62.3546	-1343.08	1684.34	-158.053	909.464	179.538	-341.233	-200.909
208	-126.889	-1307.78	1667.39	-177.969	943.465	219.556	-495.965	-76.0968
212	-184.846	-1279.27	1648.52	-189.582	975.052	280.759	-649.911	101.368
216	-239.871	-1263.9	1610.45	-192.308	1014.47	334.948	-927.488	487.936
220	-306.935	-1241.52	1577.08	-214.086	1035.11	366.881	-948.801	425.6
224	-373.689	-1216.53	1538.48	-237.183	1051.97	410.088	-878.134	467.901
228	-431.182	-1221.01	1503.81	-247.219	1053.97	440.21	-743.154	534.783
232	-476.919	-1219.62	1473.19	-250.42	1055.67	464.097	-747.569	643.296
236	-527.703	-1209.11	1443.86	-252.554	1064.98	493.577	-725.379	659.608
240	-575.127	-1203.88	1421.78	-254.34	1088.75	523.093	-717.28	656.256
244	-627.85	-1050.76	1400.2	-281.849	1109.06	552.711	-668.774	685.137
248	-635.02	-997.53	1363.64	-315.887	1109.18	566.46	-675.464	630.391
252	-651.986	-915.04	1337.19	-341.259	1110.76	594.045	-691.706	569.336
256	-654.83	-912.403	1312.75	-373.62	1121.67	611.426	-681.606	490.944
260	-667.156	-920.278	1285.85	-416.871	1121.72	629.108	-663.635	420.051
264	-693.388	-943.865	1258.57	-465.91	1126.6	630.357	-639.767	351.728
268	-725.864	-1000.92	1238.16	-516.104	1131.53	616.448	-619.627	285.702
272	-771.993	-1090.48	1222.89	-565.496	1111.43	601.601	-609.233	208.135
276	-869.188	-1325.26	1213.13	-605.519	1061.54	604.694	-632.163	77.6967
280	-950.238	-1342.36	1203.94	-631.617	993.622	629.859	-600.25	32.7341
284	-1028.42	-1361.06	1193.98	-647.29	936.163	651.866	-581.388	-13.455
288	-1098.2	-1343.33	1183.68	-662.921	874.625	683.17	-567.455	-56.7439
292	-1125.94	-1162.37	1179.63	-665.491	817.807	713.09	-528.419	-90.8236
296	-1130.41	-1081.14	1161.63	-661.207	766.881	726.139	-518.237	-125.764
300	-1146.3	-1040.38	1130.24	-656.462	701.925	754.544	-552.438	-178.138
304	-1261.99	-1123.9	1123.63	-630.042	644.291	762.034	-579.958	-306.95
308	-1134.43	-985.781	1110.65	-588.011	594.193	747.523	-500.086	-303.967
312	-1385.88	-1201.66	1100.67	-512.338	505.827	735.713	-553.306	-499.407
316	-1332.54	-1149.67	1081.37	-435.847	384.125	716.982	-515.338	-535.757
320	843.005	-84.3624	-137.058	897.582	-164.56	-113.72	-1089.85	-1316.83
324	867.861	-89.3778	-199.803	902.974	-145.341	-101.676	-1038.59	-1327.52
328	883.589	-74.6872	-239.822	907.51	-120.81	-88.8366	-955.627	-1325.11
332	909.557	-37.3214	-264.408	906.374	-91.7441	-80.9208	-883.419	-1419.74
336	949.092	12.7767	-285.897	896.83	-31.1944	-80.2913	-794.362	-1498.97
340	997.68	59.7139	-322.654	877.117	38.0826	-62.616	-702.479	-1530.17
344	1046.2	92.4672	-370.665	845.608	117.374	-20.8281	-634.02	-1567.22
348	1085.09	107.464	-409.613	806.8	169.545	-14.7942	-543.644	-1614.14
352	1129	106.654	-437.324	766.241	193.201	-23.0146	-469.371	-1657.39
356	1162.26	92.3332	-471.12	710.518	211.637	-28.8859	-386.75	-1714.64
360	1190.56	60.8679	-502.058	649.979	216.067	-32.1299	-310.965	-1740.76
364	1213.3	20.6532	-539.843	578.388	187.109	-53.2592	-261.226	-1694.78
368	1237.86	-34.7844	-550.89	529.605	140.011	-79.6091	-238.612	-1597.21
372	1259.48	-104.474	-560.353	482.766	104.882	-92.9427	-220.295	-1495.91
376	1278.71	-172.866	-573.523	400.448	160.268	-42.4431	-199.381	-1383.65
380	1288.96	-252.132	-580.238	302.08	190.067	21.0259	-105.939	-1415.2
384	1278.57	-343.012	-582.78	339.311	207.098	83.6693	1.84024	-1398.04
388	1314.81	-343.226	-597.733	260.262	228.708	126.502	351.503	-1677.29
392	1326.54	-380.771	-594.204	267.225	280.346	172.736	459.083	-1712.58
396	1323.48	-415.337	-589.105	295.883	325.474	207.628	552.09	-1654.78
400	1344.03	-426.864	-592.029	277.535	365.366	219.893	590.85	-1505.01
404	1347.95	-473.017	-609.767	238.789	416.887	229.526	594.467	-1360.74
408	1233.03	-623.62	-624.699	197.529	498.097	261.565	347.06	-42.7383
412	1287.56	-548.651	-633.524	152.635	620.549	321.466	453.666	139.869
416	1309.18	-508.3	-627.825	127.275	665.952	313.746	544.252	91.185
420	1256.34	-552.85	-613.705	124.425	728.411	319.618	600.838	88.5066
424	1196.36	-594.603	-599.843	115.645	779.342	313.053	627.415	84.8653
428	1122.83	-645.087	-578.151	111.493	799.665	301.842	649.665	68.6584
432	1084.75	-662.703	-545.578	106.448	837.652	298.294	685.657	60.6543
436	1051.11	-677.739	-517.402	87.3034	870.978	283.161	739.263	19.52
440	1005.91	-698.364	-492.943	64.9329	940.628	280.369	740.226	30.0545
444	960.381	-722.961	-475.644	45.2658	1037.02	251.776	705.764	127.269
448	924.15	-718.74	-453.775	23.2776	1089.64	222.307	626.244	345.073
452	888.704	-701.404	-430.954	6.31044	1155.04	237.491	603.731	476.033
456	851.374	-705.732	-407.711	-15.3724	1212.92	261.678	635.632	475.609
460	813.819	-700.227	-382.281	-20.5332	1214.69	266.992	592.055	653.847
464	787.216	-732.57	-352.163	-19.3288	1236.52	270.543	598.065	656.208
468	900.984	-406.278	439.975	944.397	-571.187	-164.304	-255.212	-1611.45
472	1000.65	-276.69	450.797	964.298	-611.246	-145.255	-132.689	-1590.08
476	1051.59	-212.117	463.53	984.96	-661.606	-167.736	-73.509	-1590.36
480	1086.86	-161.982	473.021	1006.94	-709.629	-179.81	-26.6424	-1577.41
484	1116.55	-118.572	488.877	1026.17	-734.183	-171.932	7.85751	-1570.11
488	1136.21	-92.9583	503.418	1052.58	-746.471	-144.601	23.5403	-1569.48
492	1144.3	-79.8545	518.924	1084.32	-753.784	-115.439	35.1834	-1568.24
496	1145.23	-77.5267	526.528	1119.06	-755.741	-94.0264	45.8592	-1574.79
500	1136.38	-90.1022	537.203	1147.9	-756.393	-84.5355	66.5205	-1566.07
504	1118.74	-116.459	544.154	1167.37	-750.626	-80.6165	98.5007	-1542.66
508	1094.84	-151.731	542.416	1180.37	-730.98	-69.1364	149.786	-1513.51
512	1078.53	-193.518	539.799	1187.14	-710.245	-71.5239	200.766	-1491.65
516	1071.3	-234.178	548.608	1182.29	-686.927	-84.4569	241.388	-1489.56
520	1082.74	-268.185	554.55	1169.32	-662.385	-107.654	287.011	-1516.87
524	1087.41	-304.628	568.773	1144.18	-637.692	-131.344	344.854	-1526.8
528	1093.03	-328.474	588.572	1112.21	-624.197	-143.987	423.968	-1544.75
532	795.939	-938.397	610.528	1066.14	-618.195	-152.248	-320	0
536	1059.54	-355.06	630.036	1012.73	-613.808	-161.501	586.957	-1555.65
540	1044	-329.244	650.192	962.221	-606.795	-173.188	647.725	-1558.24
544	969.718	-443.522	682.372	914.382	-602.507	-197.661	-320	-13.3333
548	937.036	-328.122	720.591	874.054	-597.202	-212.148	-320	-8
552	875.689	-278.805	770.03	845.496	-596.226	-207.955	-320	32
556	829.083	-246.065	809.882	832.258	-604.858	-193.627	-352	64
560	785.448	-213.085	863.975	813.086	-612.943	-172.762	182.857	59.4286
564	739.452	-161.298	933.559	786.305	-624.063	-155.661	498.068	70.5306
568	693.617	-88.1919	982.838	777.374	-629.105	-131.123	483.593	93.7544
572	646.888	-19.5702	1014.16	776.507	-626.796	-101.613	469.538	223.282
576	604.648	51.7316	1032.45	780.772	-615.241	-95.5693	-288.525	292.197
580	615.569	115.664	1056.62	777.284	-581.254	-104.491	466.343	-119.075
584	656.389	89.1833	1105.99	764.252	-550.581	-146.875	418.39	143.403
588	679.668	111.789	1151.08	746.128	-523.302	-203.939	409.639	111.744
592	616.839	-74.8107	1218.04	714.062	-476.686	-266.142	424.762	345.702
596	372.475	331.554	1271.22	679.365	-399.104	-329.169	692.112	-169.607
600	341.486	354.969	1308.47	665.307	-315.821	-364.734	723.231	-214.433
604	264.483	408.537	1326.16	664.539	-246.283	-404.453	824.337	-242.707
608	200.942	459.002	1344.6	672.526	-209.551	-442.13	991.53	-237.815
612	149.956	542.108	1419.3	651.357	-176.465	-464.829	1121.98	-224.735
616	148.522	637.944	1542.4	607.958	-132.9	-476.392	1151.55	-247.683
620	-686.409	37.7826	1513.64	571.807	297.69	-1802.62	170.617	-8.18264
624	-737.274	-47.4848	1546.05	505.639	58.3677	106.062	249.179	-1796.3
628	-712.264	-135.76	1559.33	438.019	12.7962	158.899	189.157	-1811.84
632	-674.73	-207.791	1563.98	377.964	-12.9853	195.95	121.718	-1834.15
636	-632.912	-259.377	1557.6	328.817	-5.19261	207.433	38.2887	-1838.99
640	-614.315	-374.632	1547.45	285.233	-157.468	123.811	-38.3095	-1818.11
644	-590.286	-471.855	1537.03	239.988	-216.248	54.8051	-118.496	-1790.47
648	-529.617	-546.26	1518.34	201.394	-195.358	66.2631	-207.159	-1807.4
652	-335.902	-1749.96	1502.26	156.226	-141.917	221.892	-302.973	-340.214
656	-402.417	-1807.62	1477.44	113.319	-122.08	254.288	-282.712	-353.853
660	-473.824	-1823.37	1448.25	70.2577	-101.767	307.415	-256.781	-344.216
664	-549.58	-1818.7	1423.03	29.8545	-179.479	308.694	-192.135	-362.773
668	-656.255	-1801.97	1406.08	-14.4536	-248.538	324.32	-140.225	-358.516
672	-780.337	-1782.29	1395	-64.2705	-194.942	160.501	-60.101	-436.962
676	10.8817	-339.219	1385.41	-117.892	-270.588	378.684	-920.257	-1733.38
680	-755.782	-1633.12	1377.17	-178.834	-72.9553	-87.9003	-1151.26	-1550.57
684	-1092.32	-1666.69	1367.49	-233.28	-510.796	494.101	137.547	-365.357
688	-1152.34	-1676.75	1368.7	-302.631	-564.461	497.378	170.053	-412.438
692	-1202.93	-1699.31	1349.66	-375.37	-599.96	498.975	206.289	-450.062
696	-6.59447	-853.298	612.891	-457.689	-617.012	490.089	-1234.42	-1741.27
700	149.666	-684.443	714.47	-469.367	-646.188	490.548	-1265.03	-1768.4
704	288.126	-474.921	1101.09	-605.678	-662.08	483.548	-1328.66	-1765.5
708	345.311	-417.59	1169.32	-736.295	-672.255	474.721	-1403.17	-1765.29
712	376.372	-367.519	1158.88	-779.581	-672.704	459.24	-1474.59	-1762.01
716	402.45	-316.138	1139.23	-801.414	-678.73	437.793	-1538.9	-1742.89
720	420.943	-278.129	1102.54	-828.502	-665.106	412.791	-1581.53	-1723.14
724	437.983	-265.141	1024.25	-867.857	-647.598	379.939	-1618.05	-1705.71
728	447.755	-255.235	947.745	-896.417	-611.882	342.837	-1650.17	-1686.82
732	453.715	-265.463	895.139	-916.376	-567.21	289.98	-1676.88	-1655.09
736	446.453	-272.577	835.064	-939.997	-509.024	228.75	-1694.38	-1623.05
740	427.568	-289.477	803.446	-956.851	-467.725	180.882	-1706.32	-1601.06
744	396.977	-316.559	784.493	-969.918	-442.317	144.136	-1712.29	-1587.18
748	346.115	-403.015	820.448	-987.972	-377.953	126.146	-1722.17	-1569.45
752	303.025	-454.974	861.599	-994.319	-331.362	120.445	-1723.21	-1565.68
756	139.495	-546.323	723.194	-794.249	-250.922	102.653	-1724.42	-1555.66
760	-64	-672	616.511	-764.85	-159.171	-10.1156	-1731.52	-1547.69
764	108.033	-559.09	697.663	-789.113	-108.841	19.0666	-1729.69	-1559.13
768	1338.04	597.572	-317.154	-812.519	998.399	-565.348	-5.79704	1078.49
772	1347.28	599.208	-249.95	-983.92	1007.24	-559.843	-730.009	643.556
776	1274.27	651.696	-405.437	-754.711	1017.03	-557.79	-264.986	-1101.03
780	1325.91	660.237	-587.008	839.09	1035.53	-547.931	-361.561	-979.494
784	1323.46	693.199	-395.824	999.268	1045.83	-533.529	-423.843	-960.502
788	1242.77	761.541	-477.539	-836.655	1061.01	-513.186	-450.086	-1174.92
792	1288.52	777.366	-506.27	-885.326	1082.46	-483.574	-275.667	1144.17
796	1251.28	825.884	-535.783	-836.23	1107.31	-445.313	-129	1274
800	1211.1	872.025	-572.016	-791.881	1132.79	-406.907	-269.629	1232
804	1181.87	911.668	-604.314	-743.353	1168.75	-364.242	-841.302	1004.65
808	1061.33	1011.53	-635.345	-661.282	1205.6	-318.888	1737.27	567.312
812	1144.77	972.312	-653.602	-637.416	1261.26	-255.85	-764.522	1058.09
816	1129.56	1012.73	-665.608	-571.812	1316.34	-173.392	-730.286	1040
820	1070.54	1068.37	-673.754	-499.176	1385.71	-60.6634	-696.094	1080.85
824	1132.64	1068.65	-680.615	-422.718	1404.35	-8.16897	-248.296	1410.28
828	1108.38	1106.46	-683.992	-329.147	1426.88	47.1348	-324.129	1360.24
832	1096.01	1140.81	-691.191	-238.729	1430.29	102.494	-389.768	1316.6
836	1091.59	1165.84	-705.762	-176.263	1431.81	162.383	-423.942	1288.9
840	1092.77	1188.82	-712.378	-146.321	1442.9	204.568	-424.636	1288.79
844	1095.7	1204.7	-713.968	-118.627	1458.5	290.362	-401.06	1304.27
848	1099.12	1214.68	-716.765	-104.32	1469.4	348.107	-399.434	1313.58
852	1103.25	1221.96	-722.668	-65.0331	1491.01	411.551	-391.366	1342.65
856	1115.86	1223.1	-735.18	-12.1141	1502.83	470.818	-360.464	1388
860	1133.91	1221.82	-747.282	42.6155	1522.64	526.047	-349.661	1421.97
864	1154.44	1221.8	-754.061	85.0436	1555.77	576.983	-302.95	1453.8
868	1175.62	1213.13	-730.129	81.5101	1595.68	621.056	-299.116	1477.72
872	1192.81	1206.15	-719.224	104.064	1632.77	654.33	-252.451	1517.61
876	1180.29	1227.02	-699.518	122.676	1603.89	744.572	-199.507	1573.46
880	1171.99	1254.36	-682.695	137.364	1584.31	801.283	-172.628	1596
883	1172.04	1275.24	-654.164	150.978	1566.44	855.974	-137.615	1623.24
